73,5
73,4
73,3
73,2
73,1
73,0
72,4
72,3
72,2
72,1
72,0
71,3
71,2
71,1
71,0
70,4
70,3
70,2
70,1
70,0
69,3
69,2
69,1
69,0
3,3
3,1
3,0
1,3
1,1
2,1
2,3
1,0
2,0
0,9
0,310
0,305
0,308
0,307
0,302
0,304
0,303
0,12
0,10
0,8
0,0
0,475
0,300
0,474
0,299
0,473
0,298
0,472
0,297
0,296
0,295
0,471
0,294
0,470
0,293
0,469
0,292
0,403
0,291
0,402
0,290
0,468
0,401
0,289
0,467
0,400
0,288
0,466
0,287
0,399
0,286
0,398
0,285
0,397
0,284
0,396
0,283
0,465
0,282
0,464
0,281
0,463
0,395
0,280
0,394
0,279
0,462
0,393
0,278
0,392
0,277
0,461
0,276
0,460
0,275
0,391
0,274
0,390
0,273
0,389
0,272
0,459
0,388
0,271
0,458
0,270
0,387
0,269
0,386
0,268
0,385
0,267
0,384
0,266
0,457
0,265
0,456
0,264
0,383
0,263
0,382
0,262
0,381
0,261
0,455
0,380
0,260
0,379
0,259
0,453
0,378
0,258
0,454
0,377
0,257
0,451
0,376
0,256
0,450
0,375
0,255
0,452
0,374
0,254
0,449
0,253
0,448
0,373
0,252
0,372
0,251
0,371
0,250
0,446
0,370
0,249
0,447
0,248
0,445
0,247
0,444
0,369
0,246
0,442
0,368
0,245
0,441
0,367
0,244
0,440
0,242
0,366
0,241
0,365
0,240
0,439
0,364
0,239
0,362
0,238
0,438
0,361
0,237
0,363
0,236
0,359
0,235
0,437
0,358
0,234
0,360
0,233
0,356
0,232
0,436
0,355
0,231
0,357
0,230
0,353
0,229
0,435
0,352
0,228
0,434
0,354
0,227
0,433
0,350
0,226
0,432
0,349
0,225
0,351
0,224
0,431
0,404
0,223
0,430
0,348
0,222
0,429
0,221
0,347
0,220
0,346
0,219
0,345
0,218
0,344
0,217
0,428
0,216
0,427
0,215
0,426
0,343
0,214
0,342
0,213
0,425
0,341
0,212
0,340
0,211
0,424
0,210
0,423
0,209
0,339
0,208
0,338
0,207
0,337
0,206
0,422
0,336
0,205
0,421
0,204
0,335
0,203
0,334
0,202
0,333
0,201
0,332
0,200
0,420
0,199
0,419
0,198
0,331
0,197
0,330
0,196
0,329
0,195
0,418
0,328
0,194
0,327
0,193
0,416
0,326
0,192
0,417
0,325
0,63
0,443
0,324
0,62
0,413
0,323
0,61
0,415
0,321
0,60
0,412
0,59
0,411
0,320
0,58
0,319
0,57
0,318
0,56
0,409
0,317
0,55
0,410
0,54
0,406
0,53
0,405
0,316
0,52
0,407
0,315
0,51
0,314
0,50
0,313
0,49
0,477
0,312
0,48
0,476
0,311
0,47
0,309
0,46
0,306
0,45
0,301
0,6
0,5
0,1
0,11
0,4
0,2
0,3
0,7
